			Age(days)	Age(days)	Age(days)	Age(days)	Age(days)	Age(days)	Age(days)	Age(days)	HC	HC	HC	HC	HC	HC	HC	HC	SES	SES	SES	SES	SES	SES	SES	SES	auc	auc	auc	auc	auc	auc	auc	auc	latencies	latencies	latencies	latencies	latencies	latencies	latencies	latencies
			count	mean	std	min	25%	50%	75%	max	count	mean	std	min	25%	50%	75%	max	count	mean	std	min	25%	50%	75%	max	count	mean	std	min	25%	50%	75%	max	count	mean	std	min	25%	50%	75%	max
ses_label	stimulus	hem_label																																								
high	deviant	lh	32.0	59.375	6.282335707002919	45.0	55.75	58.5	64.25	69.0	32.0	39.90625	1.2210353882483664	38.0	39.0	40.0	40.25	42.0	32.0	62.125	3.2552686822362893	57.0	59.5	61.75	66.0	66.0	32.0	7.840531335290551e-11	4.563511362020038e-11	2.8681876035840862e-11	4.973041783002507e-11	6.821539973848026e-11	9.668089970604959e-11	2.684559057413035e-10	32.0	0.28692708333333333	0.11599894123775255	0.10166666666666667	0.20791666666666667	0.29	0.39583333333333337	0.4483333333333333
high	deviant	rh	32.0	59.375	6.282335707002919	45.0	55.75	58.5	64.25	69.0	32.0	39.90625	1.2210353882483664	38.0	39.0	40.0	40.25	42.0	32.0	62.125	3.2552686822362893	57.0	59.5	61.75	66.0	66.0	32.0	1.0527477990715768e-10	5.759621266236818e-11	2.794397330169199e-11	5.972167407498192e-11	8.756146184241735e-11	1.4585978388147376e-10	2.391699782597771e-10	32.0	0.27718750000000003	0.10730023324188741	0.09	0.19958333333333333	0.26666666666666666	0.35708333333333336	0.45
high	standard	lh	16.0	59.375	6.386183001866868	45.0	55.75	58.5	64.25	69.0	16.0	39.90625	1.241219158730641	38.0	39.0	40.0	40.25	42.0	16.0	62.125	3.3090784215548594	57.0	59.5	61.75	66.0	66.0	16.0	8.658397256419824e-11	3.231284097987849e-11	2.942383124890844e-11	6.909620042278166e-11	8.207903829515109e-11	1.0785430276498626e-10	1.3825125653705657e-10	16.0	0.23531249999999998	0.1062321335740919	0.09	0.1325	0.265	0.305	0.405
high	standard	rh	16.0	59.375	6.386183001866868	45.0	55.75	58.5	64.25	69.0	16.0	39.90625	1.241219158730641	38.0	39.0	40.0	40.25	42.0	16.0	62.125	3.3090784215548594	57.0	59.5	61.75	66.0	66.0	16.0	1.0306762996027923e-10	4.9379394294159347e-11	2.1652621687160524e-11	7.092122288703936e-11	9.2482951845806e-11	1.4294027195050376e-10	2.0126496598016103e-10	16.0	0.2284375	0.09706711834067686	0.095	0.16166666666666668	0.20500000000000002	0.30125	0.4266666666666667
low	deviant	lh	32.0	60.125	5.469858758570433	53.0	56.5	61.0	62.25	75.0	32.0	39.28125	1.1635422833577171	37.0	39.0	39.0	40.0	42.0	32.0	39.6875	10.35635226602806	21.0	34.25	40.75	43.0	56.0	32.0	1.128696769713087e-10	4.3259379841055396e-11	3.561687034933789e-11	8.384902446171247e-11	1.1586395802339524e-10	1.4192824506309988e-10	2.1866297221386176e-10	32.0	0.3204166666666667	0.09025253300191441	0.145	0.2320833333333333	0.3458333333333333	0.3975	0.45
low	deviant	rh	32.0	60.125	5.469858758570433	53.0	56.5	61.0	62.25	75.0	32.0	39.28125	1.1635422833577171	37.0	39.0	39.0	40.0	42.0	32.0	39.6875	10.35635226602806	21.0	34.25	40.75	43.0	56.0	32.0	1.1178455991086566e-10	7.306852637694236e-11	2.3348659474573312e-11	5.6767728951158425e-11	8.028495538558296e-11	1.6332982717562759e-10	2.807027502552691e-10	32.0	0.3203125	0.11340323389913254	0.09166666666666666	0.23791666666666667	0.3666666666666667	0.40875	0.45
low	standard	lh	16.0	60.125	5.560275772537426	53.0	56.5	61.0	62.25	75.0	16.0	39.28125	1.182775690202218	37.0	39.0	39.0	40.0	42.0	16.0	39.6875	10.527543239838375	21.0	34.25	40.75	43.0	56.0	16.0	1.3847665992674378e-10	9.011876055444872e-11	3.656094661484335e-11	8.593580733445862e-11	1.2519953343677605e-10	1.633818896049154e-10	4.0832675266254154e-10	16.0	0.29	0.0944026051115744	0.14166666666666666	0.21708333333333335	0.2683333333333333	0.3725	0.45
low	standard	rh	16.0	60.125	5.560275772537426	53.0	56.5	61.0	62.25	75.0	16.0	39.28125	1.182775690202218	37.0	39.0	39.0	40.0	42.0	16.0	39.6875	10.527543239838375	21.0	34.25	40.75	43.0	56.0	16.0	9.847275474309325e-11	6.506883006811603e-11	3.1732846951061124e-11	5.659596722243073e-11	7.939696740308914e-11	1.1938855539287968e-10	2.8516019905808157e-10	16.0	0.3514583333333333	0.09955805118399796	0.09	0.30791666666666667	0.3825	0.42041666666666666	0.44166666666666665
